[-]  (0)
[2]  1  (0)
[3]  (1)  2  0
[4]  1  (2)  3  0
[5]  1  2  (3)  4  0
[6]  1  2  3  (4)  5  0
[7]  1  2  3  4  (5)  6  0
[8]  1  2  3  4  5  (6)  7  0
[9]  1  2  3  4  5  6  (7)  8  0
[1]  1  2  3  4  5  6  7  (8)  9  0
[2]  1  2  3  4  5  6  7  8  (9)  10  0
[3]  1  2  3  4  5  6  7  8  9  (10)  11  0
[4]  1  2  3  4  5  6  7  8  9  10  (11)  12  0
[5]  1  2  3  4  5  6  7  8  9  10  11  (12)  13  0
[6]  1  2  3  4  5  6  7  8  9  10  11  12  (13)  14  0
[7]  1  2  3  4  5  6  7  8  9  10  11  12  13  (14)  15  0
[8]  1  2  3  4  5  6  7  8  9  10  11  12  13  14  (15)  16  0
[9]  1  2  3  4  5  6  7  8  9  10  11  12  13  14  15  (16)  17  0
[1]  1  2  3  4  5  6  7  8  9  10  11  12  13  14  15  16  (17)  18  0
[2]  1  2  3  4  5  6  7  8  9  10  11  12  13  14  15  16  17  (18)  19  0
[3]  1  2  3  4  5  6  7  8  9  10  11  12  13  14  15  16  17  18  (19)  20  0
[4]  1  2  3  4  5  6  7  8  9  10  11  12  13  14  15  16  17  18  19  (20)  21  0
[5]  1  2  3  4  5  6  7  8  9  10  11  12  13  14  15  16  17  18  19  20  (21)  22  0
[6]  1  2  3  4  5  6  7  8  9  10  11  12  13  14  16  17  18  19  20  21  22  0
9 players; last marble is worth 32 points; high score is 38
